waypoints:
    - point:
        x: 0.355969
        y: 0.100437
        z: 0.000774384
    - point:
        x: 2.43259
        y: 0.429356
        z: -0.000492096
    - point:
        x: 1.59201
        y: -0.55502
        z: 0.00379467
    - point:
        x: -0.505198
        y: 0.226824
        z: -0.00070715
finish_pose:
    header:
        seq: 2
        stamp: 1655972045.699442278
        frame_id: map
    pose:
        position:
            x: 0.385501
            y: 0.118096
            z: 0
        orientation:
            x: 0
            y: 0
            z: 0.0123387
            w: 0.999924
