waypoints:
    - point:
        x: 0.58111
        y: -0.958097
        z: -0.000262498
        a: passthrough
        d: 0
    - point:
        x: 0.159781
        y: -2.2544
        z: -0.000262498
        a: lookdown
        d: 5
    - point:
        x: -0.0265337
        y: -3.35514
        z: -0.000262498
        a: lookright
        d: 5 
finish_pose:
    header:
        seq: 0
        stamp: 0.000000000
        frame_id: 
    pose:
        position:
            x: -1.0267
            y: -0.196292
            z: -0.000138497
        orientation:
            x: 7.90389e-06
            y: -2.27083e-05
            z: -0.989098
            w: -0.147272